cpu  129269945 98139 283424770 23635344476 41066571 0 4659050 0 0 0
cpu0 2211468 3748 2846238 744773726 3560158 0 2730344 0 0 0
cpu1 3505862 1284 8333681 739963786 2106234 0 353313 0 0 0
cpu2 2835963 3208 5711182 743541168 1713830 0 121640 0 0 0
cpu3 3049012 4316 6770765 742222636 1474494 0 84588 0 0 0
cpu4 3301977 3198 7326344 741263418 1309565 0 54851 0 0 0
cpu5 3453672 1636 8818938 739275009 1191992 0 47348 0 0 0
cpu6 3603992 2780 9670657 738385185 844488 0 47862 0 0 0
cpu7 3940210 2408 10356494 737186028 928547 0 46434 0 0 0
cpu8 5806726 4272 6288516 741026441 746009 0 70702 0 0 0
cpu9 3795777 2789 8426169 739733478 811954 0 109104 0 0 0
cpu10 3430618 1862 8130468 740587719 755814 0 37213 0 0 0
cpu11 5366420 2556 8567230 738035953 724363 0 26062 0 0 0
cpu12 3646356 2019 8988842 739162226 727461 0 21246 0 0 0
cpu13 5069423 2099 9754754 736816312 718851 0 23096 0 0 0
cpu14 6288490 2511 10134408 735126908 708205 0 25870 0 0 0
cpu15 9311386 1476 10442698 731716536 698450 0 22265 0 0 0
cpu16 3667332 4538 9372592 738836442 813724 0 46112 0 0 0
cpu17 4780930 4250 15006104 731341315 764367 0 159650 0 0 0
cpu18 4220270 5376 8565691 739730113 689053 0 68901 0 0 0
cpu19 3256030 3416 7432330 742070654 585930 0 48402 0 0 0
cpu20 3212606 3219 7919778 741429318 527019 0 44137 0 0 0
cpu21 3428165 3574 8622408 740241059 528355 0 30509 0 0 0
cpu22 3119657 4265 6288068 736567887 7358545 0 132747 0 0 0
cpu23 3219080 2093 6599468 738708399 5086087 0 44804 0 0 0
cpu24 4389102 3626 13089676 733412461 699630 0 60570 0 0 0
cpu25 4600612 3058 13314550 732880479 707220 0 43649 0 0 0
cpu26 4566899 2345 11592505 735143314 725061 0 44249 0 0 0
cpu27 3852986 3820 10473090 737061106 717552 0 22826 0 0 0
cpu28 3919524 1893 9019858 739018268 723368 0 32690 0 0 0
cpu29 3486122 3238 8860290 739618591 704927 0 25507 0 0 0
cpu30 3527590 4728 8423108 740073806 712143 0 16429 0 0 0
cpu31 3405677 2526 8277856 740394720 703160 0 15916 0 0 0
intr 8421308666 14 0 0 0 0 0 0 0 95 16850733 0 0 0 0 0 0 0 0 62 87 0 0 0 0 0 0 0 0 0 0 0 0 0 0 0 230345304 1 274568588 49793329 120357262 61127816 0 0 0 0 0 0 2 0 2 2 2 2 2 2 2 0 2 0 2 2 2 2 2 2 2 0 0 0 0 0 0 0 0 0 0 0 0 0 0 0 0 0 0 0 0 0 0 0 0 0 0 0 0 0 0 0 0 0 0 0 0 0 0 0 0 0 0 0 0 0 0 0 0 0 0 0 0 0 0 0 0 0 0 0 0 0 0 0 0 0 0 0 0 0 0 0 0 0 0 0 0 0 0 0 0 0 0 0 0 0 0 0 0 0 0 0 0 0 0 0 0 0 0 0 0 0 0 0 0 0 0 0 0 0 0 0 0 0 0 0 0 0 0 0 0 0 0 0 0 0 0 0 0 0 0 0 0 0 0 0 0 0 0 0 0 0 0 0 0 0 0 0 0 0 0 0 0 0 0 0 0 0 0 0 0 0 0 0 0 0 0 0 0 0 0 0 0 0 0 0 0 0 0 0 0 0 0 0 0 0 0 0 0 0 0 0 0 0 0 0 0 0 0 0 0 0 0 0 0 0 0 0 0 0 0 0 0 0 0 0 0 0 0 0 0 0 0 0 0 0 0 0 0 0 0 0 0 0 0 0 0 0 0 0 0 0 0 0 0 0 0 0 0 0 0 0 0 0 0 0 0 0 0 0 0 0 0 0 0 0 0 0 0 0 0 0 0 0 0 0 0 0 0 0 0 0 0 0 0 0 0 0 0 0 0 0 0 0 0 0 0 0 0 0 0 0 0 0 0 0 0 0 0 0 0 0 0 0 0 0 0 0 0 0 0 0 0 0 0 0 0 0 0 0 0 0 0 0 0 0 0 0 0 0 0 0 0 0 0 0 0 0 0 0 0 0 0 0 0 0 0 0 0 0 0 0 0 0 0 0 0 0 0 0 0 0 0 0 0 0 0 0 0 0 0 0 0 0 0 0 0 0 0 0 0 0 0 0 0 0 0 0 0 0 0 0 0 0 0 0 0 0 0 0 0 0 0 0 0 0 0 0 0 0 0 0 0 0 0 0 0 0 0 0 0 0 0 0 0 0 0 0 0 0 0 0 0 0 0 0 0 0 0 0 0 0 0 0 0 0 0 0 0 0 0 0 0 0 0 0 0 0 0 0 0 0 0 0 0 0 0 0 0 0 0 0 0 0 0 0 0 0 0 0 0 0 0 0 0 0 0 0 0 0 0 0 0 0 0 0 0 0 0 0 0 0 0 0 0 0 0 0 0 0 0 0 0 0 0 0 0 0 0 0 0 0 0 0 0 0 0 0 0 0 0 0 0 0 0 0 0 0 0 0 0 0 0 0 0 0 0 0 0 0 0 0 0 0 0 0 0 0 0 0 0 0 0 0 0 0 0 0 0 0 0 0 0 0 0 0 0 0 0 0 0 0 0 0 0 0 0 0 0 0 0 0 0 0 0 0 0 0 0 0 0 0 0 0 0 0 0 0 0 0 0 0 0 0 0 0 0 0 0 0 0 0 0 0 0 0 0 0 0 0 0 0 0 0 0 0 0 0 0 0 0 0 0 0 0 0 0 0 0 0 0 0 0 0 0 0 0 0 0 0 0 0 0 0 0 0 0 0 0 0 0 0 0 0 0 0 0 0 0 0 0 0 0 0 0 0 0 0 0 0 0 0 0 0 0 0 0 0 0 0 0 0 0 0 0 0 0 0 0 0 0 0 0 0 0 0 0 0 0 0 0 0 0 0 0 0 0 0 0 0 0 0 0 0 0 0 0 0 0 0 0 0 0 0 0 0 0 0 0 0 0 0 0 0 0 0 0 0 0 0 0 0 0 0 0 0 0 0 0 0 0 0 0 0 0 0 0 0 0 0 0 0 0 0 0 0 0 0 0 0 0 0 0 0 0 0 0 0 0 0 0 0 0 0 0 0 0 0 0 0 0 0 0 0 0 0 0 0 0 0 0 0 0 0 0 0 0 0 0 0 0 0 0 0 0 0 0 0 0 0 0 0 0 0 0 0 0 0 0 0 0 0 0 0 0 0 0 0 0 0 0 0 0 0 0 0 0 0 0 0 0 0 0 0 0 0 0 0 0 0 0 0 0 0 0 0 0 0 0 0 0 0 0 0 0 0 0 0 0 0 0 0 0 0 0 0 0 0 0 0 0 0 0 0 0 0 0 0 0 0 0 0 0 0 0 0 0 0 0 0 0 0 0 0 0 0 0 0 0 0 0 0 0 0 0 0 0 0 0 0 0 0 0 0 0 0 0 0 0 0 0 0 0 0 0 0 0 0 0 0 0 0 0 0 0 0 0 0 0 0 0 0 0 0 0 0 0 0 0 0 0 0 0 0 0 0 0 0 0 0 0 0 0 0 0 0 0 0 0 0 0 0 0 0 0 0 0 0 0 0 0 0 0 0 0 0 0 0 0 0 0 0 0 0 0 0 0 0 0 0 0 0 0 0 0 0 0 0 0 0 0 0 0 0 0 0 0 0 0 0 0 0 0 0 0 0 0 0 0 0 0 0 0 0 0 0 0 0 0 0 0 0 0 0 0 0 0 0 0 0 0 0 0 0 0 0 0 0 0 0 0 0 0 0 0 0 0 0 0 0 0 0 0 0 0 0 0 0 0 0 0 0 0 0 0 0 0 0 0 0 0 0 0 0 0 0 0 0 0 0 0 0 0 0 0 0 0 0 0 0 0 0 0 0 0 0 0 0 0 0 0 0 0 0 0 0 0 0 0 0 0 0 0 0 0 0 0 0 0 0 0 0 0 0 0 0 0 0 0 0 0 0 0 0 0 0 0 0 0 0 0 0 0 0 0 0 0 0 0 0 0 0 0 0 0 0 0 0 0 0 0 0 0 0 0 0 0 0 0 0 0 0 0 0 0 0 0 0 0 0 0 0 0 0 0 0 0 0 0 0 0 0 0 0 0 0 0 0 0 0 0 0 0 0 0 0 0 0 0 0 0 0 0 0 0 0 0 0 0 0 0 0 0 0 0 0 0 0 0 0 0 0 0 0 0 0 0 0 0 0 0 0 0 0 0 0 0 0 0 0 0 0 0 0 0 0 0 0 0 0 0 0 0 0 0 0 0 0 0 0 0 0 0 0 0 0 0 0 0 0 0 0 0 0 0 0 0 0 0 0 0 0 0 0 0 0 0 0 0 0 0 0 0 0 0 0 0 0 0 0 0 0 0 0 0 0 0 0 0 0 0 0 0 0 0 0 0 0 0 0 0 0 0 0 0 0 0 0 0 0 0 0 0 0 0 0 0 0 0 0 0 0 0 0 0 0 0 0 0 0 0
ctxt 945782086795
btime 1548326528
processes 47797475
procs_running 1
procs_blocked 0
softirq 5755300667 6 1805509786 1557914 512831932 220507577 0 71685399 1897001189 0 1246206864
